1:0: 1 1 1 1 1 1
1:1: 1 1 1 1 1 1
1:2: 1 1 1 1 1 1
1:3: 1 1 1 1 1 1
1:4: 1 1 1 1 1 1
1:5: 1 1 1 1 1 1
1:6: 1 1 1 1 1 1
1:7: 1 1 1 1 1 1
1:8: 1 1 1 1 1 1
1:9: 1 1 1 1 1 1
1:10: 1 1 1 1 1 1
1:11: 1 1 1 1 1 1
1:12: 1 1 1 1 1 1
1:13: 1 1 1 1 1 1
1:14: 1 1 1 1 1 1
1:15: 1 1 1 1 1 1
2:0: 2 0 3 3 3 3
2:1: 2 0 3 3 3 3
2:2: 2 0 3 3 3 3
2:3: 2 0 3 3 3 3
2:4: 2 0 3 3 3 3
2:5: 2 0 3 3 3 3
2:6: 2 0 3 3 3 3
2:7: 2 0 3 3 3 3
2:8: 2 0 3 3 3 3
2:9: 2 0 3 3 3 3
2:10: 2 0 3 3 3 3
2:11: 2 0 3 3 3 3
2:12: 2 0 3 3 3 3
2:13: 2 0 3 3 3 3
2:14: 2 0 3 3 3 3
2:15: 2 0 3 3 3 3
3:0: 2 2 2 2 2 2
3:1: 2 2 2 2 2 2
3:2: 2 2 2 2 2 2
3:3: 2 2 2 2 2 2
3:4: 2 2 2 2 2 2
3:5: 2 2 2 2 2 2
3:6: 2 2 2 2 2 2
3:7: 2 2 2 2 2 2
3:8: 2 2 2 2 2 2
3:9: 2 2 2 2 2 2
3:10: 2 2 2 2 2 2
3:11: 2 2 2 2 2 2
3:12: 2 2 2 2 2 2
3:13: 2 2 2 2 2 2
3:14: 2 2 2 2 2 2
3:15: 2 2 2 2 2 2
4:0: 16 16 16 16 16 16
4:1: 16 16 16 16 16 16
4:2: 16 16 16 16 16 16
4:3: 16 16 16 16 16 16
4:4: 16 16 16 16 16 16
4:5: 16 16 16 16 16 16
4:6: 16 16 16 16 16 16
4:7: 16 16 16 16 16 16
4:8: 16 16 16 16 16 16
4:9: 16 16 16 16 16 16
4:10: 16 16 16 16 16 16
4:11: 16 16 16 16 16 16
4:12: 16 16 16 16 16 16
4:13: 16 16 16 16 16 16
4:14: 16 16 16 16 16 16
4:15: 16 16 16 16 16 16
5:0: 4 4 4 4 4 4
5:1: 4 4 4 4 4 4
5:2: 4 4 4 4 4 4
5:3: 4 4 4 4 4 4
5:4: 4 4 4 4 4 4
5:5: 4 4 4 4 4 4
5:6: 4 4 4 4 4 4
5:7: 4 4 4 4 4 4
5:8: 4 4 4 4 4 4
5:9: 4 4 4 4 4 4
5:10: 4 4 4 4 4 4
5:11: 4 4 4 4 4 4
5:12: 4 4 4 4 4 4
5:13: 4 4 4 4 4 4
5:14: 4 4 4 4 4 4
5:15: 4 4 4 4 4 4
6:0: 15 15 15 15 15 15
6:1: 63 63 63 63 63 63
6:2: 79 79 79 79 79 79
6:3: 15 15 15 15 15 15
6:4: 15 15 15 15 15 15
6:5: 63 63 63 63 63 63
6:6: 79 79 79 79 79 79
6:7: 15 15 15 15 15 15
6:8: 15 15 15 15 15 15
6:9: 63 63 63 63 63 63
6:10: 79 79 79 79 79 79
6:11: 15 15 15 15 15 15
6:12: 15 15 15 15 15 15
6:13: 63 63 63 63 63 63
6:14: 79 79 79 79 79 79
6:15: 15 15 15 15 15 15
7:0: 17 17 17 17 17 17
7:1: 17 17 17 17 17 17
7:2: 17 17 17 17 17 17
7:3: 17 17 17 17 17 17
7:4: 17 17 17 17 17 17
7:5: 17 17 17 17 17 17
7:6: 17 17 17 17 17 17
7:7: 17 17 17 17 17 17
7:8: 17 17 17 17 17 17
7:9: 17 17 17 17 17 17
7:10: 17 17 17 17 17 17
7:11: 17 17 17 17 17 17
7:12: 17 17 17 17 17 17
7:13: 17 17 17 17 17 17
7:14: 17 17 17 17 17 17
7:15: 17 17 17 17 17 17
8:0: 205 205 206 206 206 206
8:1: 205 205 206 206 206 206
8:2: 205 205 206 206 206 206
8:3: 205 205 206 206 206 206
8:4: 205 205 206 206 206 206
8:5: 205 205 206 206 206 206
8:6: 205 205 206 206 206 206
8:7: 205 205 206 206 206 206
8:8: 205 205 206 206 206 206
8:9: 205 205 206 206 206 206
8:10: 205 205 206 206 206 206
8:11: 205 205 206 206 206 206
8:12: 205 205 206 206 206 206
8:13: 205 205 206 206 206 206
8:14: 205 205 206 206 206 206
8:15: 205 205 206 206 206 206
9:0: 205 205 206 206 206 206
9:1: 205 205 206 206 206 206
9:2: 205 205 206 206 206 206
9:3: 205 205 206 206 206 206
9:4: 205 205 206 206 206 206
9:5: 205 205 206 206 206 206
9:6: 205 205 206 206 206 206
9:7: 205 205 206 206 206 206
9:8: 205 205 206 206 206 206
9:9: 205 205 206 206 206 206
9:10: 205 205 206 206 206 206
9:11: 205 205 206 206 206 206
9:12: 205 205 206 206 206 206
9:13: 205 205 206 206 206 206
9:14: 205 205 206 206 206 206
9:15: 205 205 206 206 206 206
10:0: 237 237 238 238 238 238
10:1: 237 237 238 238 238 238
10:2: 237 237 238 238 238 238
10:3: 237 237 238 238 238 238
10:4: 237 237 238 238 238 238
10:5: 237 237 238 238 238 238
10:6: 237 237 238 238 238 238
10:7: 237 237 238 238 238 238
10:8: 237 237 238 238 238 238
10:9: 237 237 238 238 238 238
10:10: 237 237 238 238 238 238
10:11: 237 237 238 238 238 238
10:12: 237 237 238 238 238 238
10:13: 237 237 238 238 238 238
10:14: 237 237 238 238 238 238
10:15: 237 237 238 238 238 238
11:0: 237 237 238 238 238 238
11:1: 237 237 238 238 238 238
11:2: 237 237 238 238 238 238
11:3: 237 237 238 238 238 238
11:4: 237 237 238 238 238 238
11:5: 237 237 238 238 238 238
11:6: 237 237 238 238 238 238
11:7: 237 237 238 238 238 238
11:8: 237 237 238 238 238 238
11:9: 237 237 238 238 238 238
11:10: 237 237 238 238 238 238
11:11: 237 237 238 238 238 238
11:12: 237 237 238 238 238 238
11:13: 237 237 238 238 238 238
11:14: 237 237 238 238 238 238
11:15: 237 237 238 238 238 238
12:0: 18 18 18 18 18 18
12:1: 18 18 18 18 18 18
12:2: 18 18 18 18 18 18
12:3: 18 18 18 18 18 18
12:4: 18 18 18 18 18 18
12:5: 18 18 18 18 18 18
12:6: 18 18 18 18 18 18
12:7: 18 18 18 18 18 18
12:8: 18 18 18 18 18 18
12:9: 18 18 18 18 18 18
12:10: 18 18 18 18 18 18
12:11: 18 18 18 18 18 18
12:12: 18 18 18 18 18 18
12:13: 18 18 18 18 18 18
12:14: 18 18 18 18 18 18
12:15: 18 18 18 18 18 18
13:0: 19 19 19 19 19 19
13:1: 19 19 19 19 19 19
13:2: 19 19 19 19 19 19
13:3: 19 19 19 19 19 19
13:4: 19 19 19 19 19 19
13:5: 19 19 19 19 19 19
13:6: 19 19 19 19 19 19
13:7: 19 19 19 19 19 19
13:8: 19 19 19 19 19 19
13:9: 19 19 19 19 19 19
13:10: 19 19 19 19 19 19
13:11: 19 19 19 19 19 19
13:12: 19 19 19 19 19 19
13:13: 19 19 19 19 19 19
13:14: 19 19 19 19 19 19
13:15: 19 19 19 19 19 19
14:0: 32 32 32 32 32 32
14:1: 32 32 32 32 32 32
14:2: 32 32 32 32 32 32
14:3: 32 32 32 32 32 32
14:4: 32 32 32 32 32 32
14:5: 32 32 32 32 32 32
14:6: 32 32 32 32 32 32
14:7: 32 32 32 32 32 32
14:8: 32 32 32 32 32 32
14:9: 32 32 32 32 32 32
14:10: 32 32 32 32 32 32
14:11: 32 32 32 32 32 32
14:12: 32 32 32 32 32 32
14:13: 32 32 32 32 32 32
14:14: 32 32 32 32 32 32
14:15: 32 32 32 32 32 32
15:0: 33 33 33 33 33 33
15:1: 33 33 33 33 33 33
15:2: 33 33 33 33 33 33
15:3: 33 33 33 33 33 33
15:4: 33 33 33 33 33 33
15:5: 33 33 33 33 33 33
15:6: 33 33 33 33 33 33
15:7: 33 33 33 33 33 33
15:8: 33 33 33 33 33 33
15:9: 33 33 33 33 33 33
15:10: 33 33 33 33 33 33
15:11: 33 33 33 33 33 33
15:12: 33 33 33 33 33 33
15:13: 33 33 33 33 33 33
15:14: 33 33 33 33 33 33
15:15: 33 33 33 33 33 33
16:0: 34 34 34 34 34 34
16:1: 34 34 34 34 34 34
16:2: 34 34 34 34 34 34
16:3: 34 34 34 34 34 34
16:4: 34 34 34 34 34 34
16:5: 34 34 34 34 34 34
16:6: 34 34 34 34 34 34
16:7: 34 34 34 34 34 34
16:8: 34 34 34 34 34 34
16:9: 34 34 34 34 34 34
16:10: 34 34 34 34 34 34
16:11: 34 34 34 34 34 34
16:12: 34 34 34 34 34 34
16:13: 34 34 34 34 34 34
16:14: 34 34 34 34 34 34
16:15: 34 34 34 34 34 34
17:0: 21 21 20 20 20 20
17:1: 21 21 116 116 116 116
17:2: 21 21 117 117 117 117
17:3: 21 21 20 20 20 20
17:4: 21 21 20 20 20 20
17:5: 21 21 20 20 20 20
17:6: 21 21 20 20 20 20
17:7: 21 21 20 20 20 20
17:8: 21 21 20 20 20 20
17:9: 21 21 20 20 20 20
17:10: 21 21 20 20 20 20
17:11: 21 21 20 20 20 20
17:12: 21 21 20 20 20 20
17:13: 21 21 20 20 20 20
17:14: 21 21 20 20 20 20
17:15: 21 21 20 20 20 20
18:0: 52 52 52 52 52 52
18:1: 132 132 132 132 132 132
18:2: 52 52 52 52 52 52
18:3: 52 52 52 52 52 52
18:4: 52 52 52 52 52 52
18:5: 132 132 132 132 132 132
18:6: 52 52 52 52 52 52
18:7: 52 52 52 52 52 52
18:8: 52 52 52 52 52 52
18:9: 132 132 132 132 132 132
18:10: 52 52 52 52 52 52
18:11: 52 52 52 52 52 52
18:12: 52 52 52 52 52 52
18:13: 132 132 132 132 132 132
18:14: 52 52 52 52 52 52
18:15: 52 52 52 52 52 52
20:0: 49 49 49 49 49 49
20:1: 49 49 49 49 49 49
20:2: 49 49 49 49 49 49
20:3: 49 49 49 49 49 49
20:4: 49 49 49 49 49 49
20:5: 49 49 49 49 49 49
20:6: 49 49 49 49 49 49
20:7: 49 49 49 49 49 49
20:8: 49 49 49 49 49 49
20:9: 49 49 49 49 49 49
20:10: 49 49 49 49 49 49
20:11: 49 49 49 49 49 49
20:12: 49 49 49 49 49 49
20:13: 49 49 49 49 49 49
20:14: 49 49 49 49 49 49
20:15: 49 49 49 49 49 49
21:0: 160 160 160 160 160 160
21:1: 160 160 160 160 160 160
21:2: 160 160 160 160 160 160
21:3: 160 160 160 160 160 160
21:4: 160 160 160 160 160 160
21:5: 160 160 160 160 160 160
21:6: 160 160 160 160 160 160
21:7: 160 160 160 160 160 160
21:8: 160 160 160 160 160 160
21:9: 160 160 160 160 160 160
21:10: 160 160 160 160 160 160
21:11: 160 160 160 160 160 160
21:12: 160 160 160 160 160 160
21:13: 160 160 160 160 160 160
21:14: 160 160 160 160 160 160
21:15: 160 160 160 160 160 160
22:0: 144 144 144 144 144 144
22:1: 144 144 144 144 144 144
22:2: 144 144 144 144 144 144
22:3: 144 144 144 144 144 144
22:4: 144 144 144 144 144 144
22:5: 144 144 144 144 144 144
22:6: 144 144 144 144 144 144
22:7: 144 144 144 144 144 144
22:8: 144 144 144 144 144 144
22:9: 144 144 144 144 144 144
22:10: 144 144 144 144 144 144
22:11: 144 144 144 144 144 144
22:12: 144 144 144 144 144 144
22:13: 144 144 144 144 144 144
22:14: 144 144 144 144 144 144
22:15: 144 144 144 144 144 144
24:0: 208 176 192 192 192 192
24:1: 176 176 229 229 229 229
24:2: 176 176 230 230 230 230
24:3: 176 176 192 192 192 192
24:4: 176 176 192 192 192 192
24:5: 176 176 192 192 192 192
24:6: 176 176 192 192 192 192
24:7: 176 176 192 192 192 192
24:8: 176 176 192 192 192 192
24:9: 176 176 192 192 192 192
24:10: 176 176 192 192 192 192
24:11: 176 176 192 192 192 192
24:12: 176 176 192 192 192 192
24:13: 176 176 192 192 192 192
24:14: 176 176 192 192 192 192
24:15: 176 176 192 192 192 192
26:0: 4 134 149 134 150 150
26:1: 4 134 150 150 134 149
26:2: 4 134 134 149 150 150
26:3: 4 134 150 150 149 134
26:4: 4 134 149 134 150 150
26:5: 4 134 150 150 134 149
26:6: 4 134 134 149 150 150
26:7: 4 134 150 150 149 134
26:8: 4 135 135 152 151 151
26:9: 4 135 151 151 152 135
26:10: 4 135 152 135 151 151
26:11: 4 135 151 151 135 152
26:12: 4 135 135 152 151 151
26:13: 4 135 151 151 152 135
26:14: 4 135 152 135 151 151
26:15: 4 135 151 151 135 152
30:0: 11 11 11 11 11 11
30:1: 11 11 11 11 11 11
30:2: 11 11 11 11 11 11
30:3: 11 11 11 11 11 11
30:4: 11 11 11 11 11 11
30:5: 11 11 11 11 11 11
30:6: 11 11 11 11 11 11
30:7: 11 11 11 11 11 11
30:8: 11 11 11 11 11 11
30:9: 11 11 11 11 11 11
30:10: 11 11 11 11 11 11
30:11: 11 11 11 11 11 11
30:12: 11 11 11 11 11 11
30:13: 11 11 11 11 11 11
30:14: 11 11 11 11 11 11
30:15: 11 11 11 11 11 11
31:0: 55 55 55 55 55 55
31:1: 39 39 39 39 39 39
31:2: 39 39 39 39 39 39
31:3: 56 56 56 56 56 56
31:4: 39 39 39 39 39 39
31:5: 39 39 39 39 39 39
31:6: 39 39 39 39 39 39
31:7: 39 39 39 39 39 39
31:8: 39 39 39 39 39 39
31:9: 39 39 39 39 39 39
31:10: 39 39 39 39 39 39
31:11: 39 39 39 39 39 39
31:12: 39 39 39 39 39 39
31:13: 39 39 39 39 39 39
31:14: 39 39 39 39 39 39
31:15: 39 39 39 39 39 39
35:0: 64 64 64 64 64 64
35:1: 210 210 210 210 210 210
35:2: 194 194 194 194 194 194
35:3: 178 178 178 178 178 178
35:4: 162 162 162 162 162 162
35:5: 146 146 146 146 146 146
35:6: 130 130 130 130 130 130
35:7: 114 114 114 114 114 114
35:8: 225 225 225 225 225 225
35:9: 209 209 209 209 209 209
35:10: 193 193 193 193 193 193
35:11: 177 177 177 177 177 177
35:12: 161 161 161 161 161 161
35:13: 145 145 145 145 145 145
35:14: 129 129 129 129 129 129
35:15: 113 113 113 113 113 113
37:0: 13 13 13 13 13 13
37:1: 13 13 13 13 13 13
37:2: 13 13 13 13 13 13
37:3: 13 13 13 13 13 13
37:4: 13 13 13 13 13 13
37:5: 13 13 13 13 13 13
37:6: 13 13 13 13 13 13
37:7: 13 13 13 13 13 13
37:8: 13 13 13 13 13 13
37:9: 13 13 13 13 13 13
37:10: 13 13 13 13 13 13
37:11: 13 13 13 13 13 13
37:12: 13 13 13 13 13 13
37:13: 13 13 13 13 13 13
37:14: 13 13 13 13 13 13
37:15: 13 13 13 13 13 13
38:0: 12 12 12 12 12 12
38:1: 12 12 12 12 12 12
38:2: 12 12 12 12 12 12
38:3: 12 12 12 12 12 12
38:4: 12 12 12 12 12 12
38:5: 12 12 12 12 12 12
38:6: 12 12 12 12 12 12
38:7: 12 12 12 12 12 12
38:8: 12 12 12 12 12 12
38:9: 12 12 12 12 12 12
38:10: 12 12 12 12 12 12
38:11: 12 12 12 12 12 12
38:12: 12 12 12 12 12 12
38:13: 12 12 12 12 12 12
38:14: 12 12 12 12 12 12
38:15: 12 12 12 12 12 12
39:0: 29 29 29 29 29 29
39:1: 29 29 29 29 29 29
39:2: 29 29 29 29 29 29
39:3: 29 29 29 29 29 29
39:4: 29 29 29 29 29 29
39:5: 29 29 29 29 29 29
39:6: 29 29 29 29 29 29
39:7: 29 29 29 29 29 29
39:8: 29 29 29 29 29 29
39:9: 29 29 29 29 29 29
39:10: 29 29 29 29 29 29
39:11: 29 29 29 29 29 29
39:12: 29 29 29 29 29 29
39:13: 29 29 29 29 29 29
39:14: 29 29 29 29 29 29
39:15: 29 29 29 29 29 29
40:0: 28 28 28 28 28 28
40:1: 28 28 28 28 28 28
40:2: 28 28 28 28 28 28
40:3: 28 28 28 28 28 28
40:4: 28 28 28 28 28 28
40:5: 28 28 28 28 28 28
40:6: 28 28 28 28 28 28
40:7: 28 28 28 28 28 28
40:8: 28 28 28 28 28 28
40:9: 28 28 28 28 28 28
40:10: 28 28 28 28 28 28
40:11: 28 28 28 28 28 28
40:12: 28 28 28 28 28 28
40:13: 28 28 28 28 28 28
40:14: 28 28 28 28 28 28
40:15: 28 28 28 28 28 28
41:0: 23 23 23 23 23 23
41:1: 23 23 23 23 23 23
41:2: 23 23 23 23 23 23
41:3: 23 23 23 23 23 23
41:4: 23 23 23 23 23 23
41:5: 23 23 23 23 23 23
41:6: 23 23 23 23 23 23
41:7: 23 23 23 23 23 23
41:8: 23 23 23 23 23 23
41:9: 23 23 23 23 23 23
41:10: 23 23 23 23 23 23
41:11: 23 23 23 23 23 23
41:12: 23 23 23 23 23 23
41:13: 23 23 23 23 23 23
41:14: 23 23 23 23 23 23
41:15: 23 23 23 23 23 23
42:0: 22 22 22 22 22 22
42:1: 22 22 22 22 22 22
42:2: 22 22 22 22 22 22
42:3: 22 22 22 22 22 22
42:4: 22 22 22 22 22 22
42:5: 22 22 22 22 22 22
42:6: 22 22 22 22 22 22
42:7: 22 22 22 22 22 22
42:8: 22 22 22 22 22 22
42:9: 22 22 22 22 22 22
42:10: 22 22 22 22 22 22
42:11: 22 22 22 22 22 22
42:12: 22 22 22 22 22 22
42:13: 22 22 22 22 22 22
42:14: 22 22 22 22 22 22
42:15: 22 22 22 22 22 22
43:0: 6 6 5 5 5 5
43:1: 208 176 192 192 192 192
43:2: 4 4 4 4 4 4
43:3: 16 16 16 16 16 16
43:4: 7 7 7 7 7 7
43:5: 54 54 54 54 54 54
43:6: 6 6 6 6 6 6
43:7: 6 6 6 6 6 6
43:8: 6 6 5 5 5 5
43:9: 208 176 192 192 192 192
43:10: 4 4 4 4 4 4
43:11: 16 16 16 16 16 16
43:12: 7 7 7 7 7 7
43:13: 54 54 54 54 54 54
43:14: 6 6 6 6 6 6
43:15: 6 6 6 6 6 6
44:0: 6 6 5 5 5 5
44:1: 208 176 192 192 192 192
44:2: 4 4 4 4 4 4
44:3: 16 16 16 16 16 16
44:4: 7 7 7 7 7 7
44:5: 54 54 54 54 54 54
44:6: 6 6 6 6 6 6
44:7: 6 6 6 6 6 6
44:8: 6 6 5 5 5 5
44:9: 208 176 192 192 192 192
44:10: 4 4 4 4 4 4
44:11: 16 16 16 16 16 16
44:12: 7 7 7 7 7 7
44:13: 54 54 54 54 54 54
44:14: 6 6 6 6 6 6
44:15: 6 6 6 6 6 6
45:0: 7 7 7 7 7 7
45:1: 7 7 7 7 7 7
45:2: 7 7 7 7 7 7
45:3: 7 7 7 7 7 7
45:4: 7 7 7 7 7 7
45:5: 7 7 7 7 7 7
45:6: 7 7 7 7 7 7
45:7: 7 7 7 7 7 7
45:8: 7 7 7 7 7 7
45:9: 7 7 7 7 7 7
45:10: 7 7 7 7 7 7
45:11: 7 7 7 7 7 7
45:12: 7 7 7 7 7 7
45:13: 7 7 7 7 7 7
45:14: 7 7 7 7 7 7
45:15: 7 7 7 7 7 7
46:0: 10 9 8 8 8 8
46:1: 10 9 8 8 8 8
46:2: 10 9 8 8 8 8
46:3: 10 9 8 8 8 8
46:4: 10 9 8 8 8 8
46:5: 10 9 8 8 8 8
46:6: 10 9 8 8 8 8
46:7: 10 9 8 8 8 8
46:8: 10 9 8 8 8 8
46:9: 10 9 8 8 8 8
46:10: 10 9 8 8 8 8
46:11: 10 9 8 8 8 8
46:12: 10 9 8 8 8 8
46:13: 10 9 8 8 8 8
46:14: 10 9 8 8 8 8
46:15: 10 9 8 8 8 8
47:0: 4 4 35 35 35 35
47:1: 4 4 35 35 35 35
47:2: 4 4 35 35 35 35
47:3: 4 4 35 35 35 35
47:4: 4 4 35 35 35 35
47:5: 4 4 35 35 35 35
47:6: 4 4 35 35 35 35
47:7: 4 4 35 35 35 35
47:8: 4 4 35 35 35 35
47:9: 4 4 35 35 35 35
47:10: 4 4 35 35 35 35
47:11: 4 4 35 35 35 35
47:12: 4 4 35 35 35 35
47:13: 4 4 35 35 35 35
47:14: 4 4 35 35 35 35
47:15: 4 4 35 35 35 35
48:0: 36 36 36 36 36 36
48:1: 36 36 36 36 36 36
48:2: 36 36 36 36 36 36
48:3: 36 36 36 36 36 36
48:4: 36 36 36 36 36 36
48:5: 36 36 36 36 36 36
48:6: 36 36 36 36 36 36
48:7: 36 36 36 36 36 36
48:8: 36 36 36 36 36 36
48:9: 36 36 36 36 36 36
48:10: 36 36 36 36 36 36
48:11: 36 36 36 36 36 36
48:12: 36 36 36 36 36 36
48:13: 36 36 36 36 36 36
48:14: 36 36 36 36 36 36
48:15: 36 36 36 36 36 36
49:0: 37 37 37 37 37 37
49:1: 37 37 37 37 37 37
49:2: 37 37 37 37 37 37
49:3: 37 37 37 37 37 37
49:4: 37 37 37 37 37 37
49:5: 37 37 37 37 37 37
49:6: 37 37 37 37 37 37
49:7: 37 37 37 37 37 37
49:8: 37 37 37 37 37 37
49:9: 37 37 37 37 37 37
49:10: 37 37 37 37 37 37
49:11: 37 37 37 37 37 37
49:12: 37 37 37 37 37 37
49:13: 37 37 37 37 37 37
49:14: 37 37 37 37 37 37
49:15: 37 37 37 37 37 37
50:0: 80 80 80 80 80 80
50:1: 80 80 80 80 80 80
50:2: 80 80 80 80 80 80
50:3: 80 80 80 80 80 80
50:4: 80 80 80 80 80 80
50:5: 80 80 80 80 80 80
50:6: 80 80 80 80 80 80
50:7: 80 80 80 80 80 80
50:8: 80 80 80 80 80 80
50:9: 80 80 80 80 80 80
50:10: 80 80 80 80 80 80
50:11: 80 80 80 80 80 80
50:12: 80 80 80 80 80 80
50:13: 80 80 80 80 80 80
50:14: 80 80 80 80 80 80
50:15: 80 80 80 80 80 80
51:0: 31 31 31 31 31 31
51:1: 31 31 31 31 31 31
51:2: 31 31 31 31 31 31
51:3: 31 31 31 31 31 31
51:4: 31 31 31 31 31 31
51:5: 31 31 31 31 31 31
51:6: 31 31 31 31 31 31
51:7: 31 31 31 31 31 31
51:8: 31 31 31 31 31 31
51:9: 31 31 31 31 31 31
51:10: 31 31 31 31 31 31
51:11: 31 31 31 31 31 31
51:12: 31 31 31 31 31 31
51:13: 31 31 31 31 31 31
51:14: 31 31 31 31 31 31
51:15: 31 31 31 31 31 31
53:0: 4 4 4 4 4 4
53:1: 4 4 4 4 4 4
53:2: 4 4 4 4 4 4
53:3: 4 4 4 4 4 4
53:4: 4 4 4 4 4 4
53:5: 4 4 4 4 4 4
53:6: 4 4 4 4 4 4
53:7: 4 4 4 4 4 4
53:8: 4 4 4 4 4 4
53:9: 4 4 4 4 4 4
53:10: 4 4 4 4 4 4
53:11: 4 4 4 4 4 4
53:12: 4 4 4 4 4 4
53:13: 4 4 4 4 4 4
53:14: 4 4 4 4 4 4
53:15: 4 4 4 4 4 4
54:0: 25 25 26 27 26 26
54:1: 25 25 26 27 26 26
54:2: 25 25 26 27 26 26
54:3: 25 25 26 27 26 26
54:4: 25 25 26 27 26 26
54:5: 25 25 26 27 26 26
54:6: 25 25 26 27 26 26
54:7: 25 25 26 27 26 26
54:8: 25 25 26 27 26 26
54:9: 25 25 26 27 26 26
54:10: 25 25 26 27 26 26
54:11: 25 25 26 27 26 26
54:12: 25 25 26 27 26 26
54:13: 25 25 26 27 26 26
54:14: 25 25 26 27 26 26
54:15: 25 25 26 27 26 26
56:0: 50 50 50 50 50 50
56:1: 50 50 50 50 50 50
56:2: 50 50 50 50 50 50
56:3: 50 50 50 50 50 50
56:4: 50 50 50 50 50 50
56:5: 50 50 50 50 50 50
56:6: 50 50 50 50 50 50
56:7: 50 50 50 50 50 50
56:8: 50 50 50 50 50 50
56:9: 50 50 50 50 50 50
56:10: 50 50 50 50 50 50
56:11: 50 50 50 50 50 50
56:12: 50 50 50 50 50 50
56:13: 50 50 50 50 50 50
56:14: 50 50 50 50 50 50
56:15: 50 50 50 50 50 50
57:0: 24 24 24 24 24 24
57:1: 24 24 24 24 24 24
57:2: 24 24 24 24 24 24
57:3: 24 24 24 24 24 24
57:4: 24 24 24 24 24 24
57:5: 24 24 24 24 24 24
57:6: 24 24 24 24 24 24
57:7: 24 24 24 24 24 24
57:8: 24 24 24 24 24 24
57:9: 24 24 24 24 24 24
57:10: 24 24 24 24 24 24
57:11: 24 24 24 24 24 24
57:12: 24 24 24 24 24 24
57:13: 24 24 24 24 24 24
57:14: 24 24 24 24 24 24
57:15: 24 24 24 24 24 24
58:0: 4 43 60 59 60 59
58:1: 4 43 60 59 60 59
58:2: 4 43 60 59 60 59
58:3: 4 43 60 59 60 59
58:4: 4 43 60 59 60 59
58:5: 4 43 60 59 60 59
58:6: 4 43 60 59 60 59
58:7: 4 43 60 59 60 59
58:8: 4 43 60 59 60 59
58:9: 4 43 60 59 60 59
58:10: 4 43 60 59 60 59
58:11: 4 43 60 59 60 59
58:12: 4 43 60 59 60 59
58:13: 4 43 60 59 60 59
58:14: 4 43 60 59 60 59
58:15: 4 43 60 59 60 59
59:0: 88 88 88 88 88 88
59:1: 89 89 89 89 89 89
59:2: 90 90 90 90 90 90
59:3: 91 91 91 91 91 91
59:4: 92 92 92 92 92 92
59:5: 93 93 93 93 93 93
59:6: 94 94 94 94 94 94
59:7: 95 95 95 95 95 95
59:8: 96 96 96 96 96 96
59:9: 97 97 97 97 97 97
59:10: 98 98 98 98 98 98
59:11: 99 99 99 99 99 99
59:12: 100 100 100 100 100 100
59:13: 101 101 101 101 101 101
59:14: 102 102 102 102 102 102
59:15: 103 103 103 103 103 103
60:0: 2 87 2 2 2 2
60:1: 2 86 2 2 2 2
60:2: 2 86 2 2 2 2
60:3: 2 86 2 2 2 2
60:4: 2 86 2 2 2 2
60:5: 2 86 2 2 2 2
60:6: 2 86 2 2 2 2
60:7: 2 86 2 2 2 2
60:8: 2 86 2 2 2 2
60:9: 2 86 2 2 2 2
60:10: 2 86 2 2 2 2
60:11: 2 86 2 2 2 2
60:12: 2 86 2 2 2 2
60:13: 2 86 2 2 2 2
60:14: 2 86 2 2 2 2
60:15: 2 86 2 2 2 2
61:0: 62 62 45 44 45 45
61:1: 62 62 45 44 45 45
61:2: 62 62 45 44 45 45
61:3: 62 62 45 44 45 45
61:4: 62 62 45 44 45 45
61:5: 62 62 45 44 45 45
61:6: 62 62 45 44 45 45
61:7: 62 62 45 44 45 45
61:8: 62 62 45 44 45 45
61:9: 62 62 45 44 45 45
61:10: 62 62 45 44 45 45
61:11: 62 62 45 44 45 45
61:12: 62 62 45 44 45 45
61:13: 62 62 45 44 45 45
61:14: 62 62 45 44 45 45
61:15: 62 62 45 44 45 45
62:0: 62 62 45 44 45 45
62:1: 62 62 45 44 45 45
62:2: 62 62 45 44 45 45
62:3: 62 62 45 44 45 45
62:4: 62 62 45 44 45 45
62:5: 62 62 45 44 45 45
62:6: 62 62 45 44 45 45
62:7: 62 62 45 44 45 45
62:8: 62 62 45 44 45 45
62:9: 62 62 45 44 45 45
62:10: 62 62 45 44 45 45
62:11: 62 62 45 44 45 45
62:12: 62 62 45 44 45 45
62:13: 62 62 45 44 45 45
62:14: 62 62 45 44 45 45
62:15: 62 62 45 44 45 45
63:0: 4 4 4 4 4 4
63:1: 4 4 4 4 4 4
63:2: 4 4 4 4 4 4
63:3: 4 4 4 4 4 4
63:4: 4 4 4 4 4 4
63:5: 4 4 4 4 4 4
63:6: 4 4 4 4 4 4
63:7: 4 4 4 4 4 4
63:8: 4 4 4 4 4 4
63:9: 4 4 4 4 4 4
63:10: 4 4 4 4 4 4
63:11: 4 4 4 4 4 4
63:12: 4 4 4 4 4 4
63:13: 4 4 4 4 4 4
63:14: 4 4 4 4 4 4
63:15: 4 4 4 4 4 4
64:0: 97 97 97 97 97 97
64:1: 97 97 97 97 97 97
64:2: 97 97 97 97 97 97
64:3: 97 97 97 97 97 97
64:4: 97 97 97 97 97 97
64:5: 97 97 97 97 97 97
64:6: 97 97 97 97 97 97
64:7: 97 97 97 97 97 97
64:8: 97 97 97 97 97 97
64:9: 97 97 97 97 97 97
64:10: 97 97 97 97 97 97
64:11: 97 97 97 97 97 97
64:12: 97 97 97 97 97 97
64:13: 97 97 97 97 97 97
64:14: 97 97 97 97 97 97
64:15: 97 97 97 97 97 97
65:0: 83 83 83 83 83 83
65:1: 83 83 83 83 83 83
65:2: 83 83 83 83 83 83
65:3: 83 83 83 83 83 83
65:4: 83 83 83 83 83 83
65:5: 83 83 83 83 83 83
65:6: 83 83 83 83 83 83
65:7: 83 83 83 83 83 83
65:8: 83 83 83 83 83 83
65:9: 83 83 83 83 83 83
65:10: 83 83 83 83 83 83
65:11: 83 83 83 83 83 83
65:12: 83 83 83 83 83 83
65:13: 83 83 83 83 83 83
65:14: 83 83 83 83 83 83
65:15: 83 83 83 83 83 83
67:0: 16 16 16 16 16 16
67:1: 16 16 16 16 16 16
67:2: 16 16 16 16 16 16
67:3: 16 16 16 16 16 16
67:4: 16 16 16 16 16 16
67:5: 16 16 16 16 16 16
67:6: 16 16 16 16 16 16
67:7: 16 16 16 16 16 16
67:8: 16 16 16 16 16 16
67:9: 16 16 16 16 16 16
67:10: 16 16 16 16 16 16
67:11: 16 16 16 16 16 16
67:12: 16 16 16 16 16 16
67:13: 16 16 16 16 16 16
67:14: 16 16 16 16 16 16
67:15: 16 16 16 16 16 16
68:0: 4 4 4 4 4 4
68:1: 4 4 4 4 4 4
68:2: 4 4 4 4 4 4
68:3: 4 4 4 4 4 4
68:4: 4 4 4 4 4 4
68:5: 4 4 4 4 4 4
68:6: 4 4 4 4 4 4
68:7: 4 4 4 4 4 4
68:8: 4 4 4 4 4 4
68:9: 4 4 4 4 4 4
68:10: 4 4 4 4 4 4
68:11: 4 4 4 4 4 4
68:12: 4 4 4 4 4 4
68:13: 4 4 4 4 4 4
68:14: 4 4 4 4 4 4
68:15: 4 4 4 4 4 4
71:0: 98 98 98 98 98 98
71:1: 98 98 98 98 98 98
71:2: 98 98 98 98 98 98
71:3: 98 98 98 98 98 98
71:4: 98 98 98 98 98 98
71:5: 98 98 98 98 98 98
71:6: 98 98 98 98 98 98
71:7: 98 98 98 98 98 98
71:8: 98 98 98 98 98 98
71:9: 98 98 98 98 98 98
71:10: 98 98 98 98 98 98
71:11: 98 98 98 98 98 98
71:12: 98 98 98 98 98 98
71:13: 98 98 98 98 98 98
71:14: 98 98 98 98 98 98
71:15: 98 98 98 98 98 98
73:0: 51 51 51 51 51 51
73:1: 51 51 51 51 51 51
73:2: 51 51 51 51 51 51
73:3: 51 51 51 51 51 51
73:4: 51 51 51 51 51 51
73:5: 51 51 51 51 51 51
73:6: 51 51 51 51 51 51
73:7: 51 51 51 51 51 51
73:8: 51 51 51 51 51 51
73:9: 51 51 51 51 51 51
73:10: 51 51 51 51 51 51
73:11: 51 51 51 51 51 51
73:12: 51 51 51 51 51 51
73:13: 51 51 51 51 51 51
73:14: 51 51 51 51 51 51
73:15: 51 51 51 51 51 51
74:0: 51 51 51 51 51 51
74:1: 51 51 51 51 51 51
74:2: 51 51 51 51 51 51
74:3: 51 51 51 51 51 51
74:4: 51 51 51 51 51 51
74:5: 51 51 51 51 51 51
74:6: 51 51 51 51 51 51
74:7: 51 51 51 51 51 51
74:8: 51 51 51 51 51 51
74:9: 51 51 51 51 51 51
74:10: 51 51 51 51 51 51
74:11: 51 51 51 51 51 51
74:12: 51 51 51 51 51 51
74:13: 51 51 51 51 51 51
74:14: 51 51 51 51 51 51
74:15: 51 51 51 51 51 51
78:0: 66 66 66 66 66 66
78:1: 66 66 66 66 66 66
78:2: 66 66 66 66 66 66
78:3: 66 66 66 66 66 66
78:4: 66 66 66 66 66 66
78:5: 66 66 66 66 66 66
78:6: 66 66 66 66 66 66
78:7: 66 66 66 66 66 66
78:8: 66 66 66 66 66 66
78:9: 66 66 66 66 66 66
78:10: 66 66 66 66 66 66
78:11: 66 66 66 66 66 66
78:12: 66 66 66 66 66 66
78:13: 66 66 66 66 66 66
78:14: 66 66 66 66 66 66
78:15: 66 66 66 66 66 66
79:0: 67 67 67 67 67 67
79:1: 67 67 67 67 67 67
79:2: 67 67 67 67 67 67
79:3: 67 67 67 67 67 67
79:4: 67 67 67 67 67 67
79:5: 67 67 67 67 67 67
79:6: 67 67 67 67 67 67
79:7: 67 67 67 67 67 67
79:8: 67 67 67 67 67 67
79:9: 67 67 67 67 67 67
79:10: 67 67 67 67 67 67
79:11: 67 67 67 67 67 67
79:12: 67 67 67 67 67 67
79:13: 67 67 67 67 67 67
79:14: 67 67 67 67 67 67
79:15: 67 67 67 67 67 67
80:0: 66 66 66 66 66 66
80:1: 66 66 66 66 66 66
80:2: 66 66 66 66 66 66
80:3: 66 66 66 66 66 66
80:4: 66 66 66 66 66 66
80:5: 66 66 66 66 66 66
80:6: 66 66 66 66 66 66
80:7: 66 66 66 66 66 66
80:8: 66 66 66 66 66 66
80:9: 66 66 66 66 66 66
80:10: 66 66 66 66 66 66
80:11: 66 66 66 66 66 66
80:12: 66 66 66 66 66 66
80:13: 66 66 66 66 66 66
80:14: 66 66 66 66 66 66
80:15: 66 66 66 66 66 66
81:0: 71 69 70 70 70 70
81:1: 71 69 70 70 70 70
81:2: 71 69 70 70 70 70
81:3: 71 69 70 70 70 70
81:4: 71 69 70 70 70 70
81:5: 71 69 70 70 70 70
81:6: 71 69 70 70 70 70
81:7: 71 69 70 70 70 70
81:8: 71 69 70 70 70 70
81:9: 71 69 70 70 70 70
81:10: 71 69 70 70 70 70
81:11: 71 69 70 70 70 70
81:12: 71 69 70 70 70 70
81:13: 71 69 70 70 70 70
81:14: 71 69 70 70 70 70
81:15: 71 69 70 70 70 70
82:0: 72 72 72 72 72 72
82:1: 72 72 72 72 72 72
82:2: 72 72 72 72 72 72
82:3: 72 72 72 72 72 72
82:4: 72 72 72 72 72 72
82:5: 72 72 72 72 72 72
82:6: 72 72 72 72 72 72
82:7: 72 72 72 72 72 72
82:8: 72 72 72 72 72 72
82:9: 72 72 72 72 72 72
82:10: 72 72 72 72 72 72
82:11: 72 72 72 72 72 72
82:12: 72 72 72 72 72 72
82:13: 72 72 72 72 72 72
82:14: 72 72 72 72 72 72
82:15: 72 72 72 72 72 72
83:0: 73 73 73 73 73 73
83:1: 73 73 73 73 73 73
83:2: 73 73 73 73 73 73
83:3: 73 73 73 73 73 73
83:4: 73 73 73 73 73 73
83:5: 73 73 73 73 73 73
83:6: 73 73 73 73 73 73
83:7: 73 73 73 73 73 73
83:8: 73 73 73 73 73 73
83:9: 73 73 73 73 73 73
83:10: 73 73 73 73 73 73
83:11: 73 73 73 73 73 73
83:12: 73 73 73 73 73 73
83:13: 73 73 73 73 73 73
83:14: 73 73 73 73 73 73
83:15: 73 73 73 73 73 73
85:0: 4 4 4 4 4 4
85:1: 4 4 4 4 4 4
85:2: 4 4 4 4 4 4
85:3: 4 4 4 4 4 4
85:4: 4 4 4 4 4 4
85:5: 4 4 4 4 4 4
85:6: 4 4 4 4 4 4
85:7: 4 4 4 4 4 4
85:8: 4 4 4 4 4 4
85:9: 4 4 4 4 4 4
85:10: 4 4 4 4 4 4
85:11: 4 4 4 4 4 4
85:12: 4 4 4 4 4 4
85:13: 4 4 4 4 4 4
85:14: 4 4 4 4 4 4
85:15: 4 4 4 4 4 4
87:0: 103 103 103 103 103 103
87:1: 103 103 103 103 103 103
87:2: 103 103 103 103 103 103
87:3: 103 103 103 103 103 103
87:4: 103 103 103 103 103 103
87:5: 103 103 103 103 103 103
87:6: 103 103 103 103 103 103
87:7: 103 103 103 103 103 103
87:8: 103 103 103 103 103 103
87:9: 103 103 103 103 103 103
87:10: 103 103 103 103 103 103
87:11: 103 103 103 103 103 103
87:12: 103 103 103 103 103 103
87:13: 103 103 103 103 103 103
87:14: 103 103 103 103 103 103
87:15: 103 103 103 103 103 103
89:0: 105 105 105 105 105 105
89:1: 105 105 105 105 105 105
89:2: 105 105 105 105 105 105
89:3: 105 105 105 105 105 105
89:4: 105 105 105 105 105 105
89:5: 105 105 105 105 105 105
89:6: 105 105 105 105 105 105
89:7: 105 105 105 105 105 105
89:8: 105 105 105 105 105 105
89:9: 105 105 105 105 105 105
89:10: 105 105 105 105 105 105
89:11: 105 105 105 105 105 105
89:12: 105 105 105 105 105 105
89:13: 105 105 105 105 105 105
89:14: 105 105 105 105 105 105
89:15: 105 105 105 105 105 105
92:0: 124 121 122 122 122 122
92:1: 124 121 122 122 122 122
92:2: 124 121 122 122 122 122
92:3: 124 121 122 122 122 122
92:4: 124 121 122 122 122 122
92:5: 124 121 122 122 122 122
92:6: 124 121 122 122 122 122
92:7: 124 121 122 122 122 122
92:8: 124 121 122 122 122 122
92:9: 124 121 122 122 122 122
92:10: 124 121 122 122 122 122
92:11: 124 121 122 122 122 122
92:12: 124 121 122 122 122 122
92:13: 124 121 122 122 122 122
92:14: 124 121 122 122 122 122
92:15: 124 121 122 122 122 122
95:0: 0 0 0 0 0 0
95:1: 0 0 0 0 0 0
95:2: 0 0 0 0 0 0
95:3: 0 0 0 0 0 0
95:4: 0 0 0 0 0 0
95:5: 0 0 0 0 0 0
95:6: 0 0 0 0 0 0
95:7: 0 0 0 0 0 0
95:8: 0 0 0 0 0 0
95:9: 0 0 0 0 0 0
95:10: 0 0 0 0 0 0
95:11: 0 0 0 0 0 0
95:12: 0 0 0 0 0 0
95:13: 0 0 0 0 0 0
95:14: 0 0 0 0 0 0
95:15: 0 0 0 0 0 0
96:0: 84 84 84 84 84 84
96:1: 84 84 84 84 84 84
96:2: 84 84 84 84 84 84
96:3: 84 84 84 84 84 84
96:4: 84 84 84 84 84 84
96:5: 84 84 84 84 84 84
96:6: 84 84 84 84 84 84
96:7: 84 84 84 84 84 84
96:8: 84 84 84 84 84 84
96:9: 84 84 84 84 84 84
96:10: 84 84 84 84 84 84
96:11: 84 84 84 84 84 84
96:12: 84 84 84 84 84 84
96:13: 84 84 84 84 84 84
96:14: 84 84 84 84 84 84
96:15: 84 84 84 84 84 84
98:0: 54 54 54 54 54 54
98:1: 100 100 100 100 100 100
98:2: 101 101 101 101 101 101
98:3: 54 54 54 54 54 54
98:4: 54 54 54 54 54 54
98:5: 54 54 54 54 54 54
98:6: 54 54 54 54 54 54
98:7: 54 54 54 54 54 54
98:8: 54 54 54 54 54 54
98:9: 54 54 54 54 54 54
98:10: 54 54 54 54 54 54
98:11: 54 54 54 54 54 54
98:12: 54 54 54 54 54 54
98:13: 54 54 54 54 54 54
98:14: 54 54 54 54 54 54
98:15: 54 54 54 54 54 54
102:0: 49 49 49 49 49 49
102:1: 49 49 49 49 49 49
102:2: 49 49 49 49 49 49
102:3: 49 49 49 49 49 49
102:4: 49 49 49 49 49 49
102:5: 49 49 49 49 49 49
102:6: 49 49 49 49 49 49
102:7: 49 49 49 49 49 49
102:8: 49 49 49 49 49 49
102:9: 49 49 49 49 49 49
102:10: 49 49 49 49 49 49
102:11: 49 49 49 49 49 49
102:12: 49 49 49 49 49 49
102:13: 49 49 49 49 49 49
102:14: 49 49 49 49 49 49
102:15: 49 49 49 49 49 49
103:0: 137 137 136 136 136 136
103:1: 137 137 136 136 136 136
103:2: 137 137 136 136 136 136
103:3: 137 137 136 136 136 136
103:4: 137 137 136 136 136 136
103:5: 137 137 136 136 136 136
103:6: 137 137 136 136 136 136
103:7: 137 137 136 136 136 136
103:8: 137 137 136 136 136 136
103:9: 137 137 136 136 136 136
103:10: 137 137 136 136 136 136
103:11: 137 137 136 136 136 136
103:12: 137 137 136 136 136 136
103:13: 137 137 136 136 136 136
103:14: 137 137 136 136 136 136
103:15: 137 137 136 136 136 136
105:0: 111 111 111 111 111 111
105:1: 111 111 111 111 111 111
105:2: 111 111 111 111 111 111
105:3: 111 111 111 111 111 111
105:4: 111 111 111 111 111 111
105:5: 111 111 111 111 111 111
105:6: 111 111 111 111 111 111
105:7: 111 111 111 111 111 111
105:8: 111 111 111 111 111 111
105:9: 111 111 111 111 111 111
105:10: 111 111 111 111 111 111
105:11: 111 111 111 111 111 111
105:12: 111 111 111 111 111 111
105:13: 111 111 111 111 111 111
105:14: 111 111 111 111 111 111
105:15: 111 111 111 111 111 111
107:0: 4 4 4 4 4 4
107:1: 4 4 4 4 4 4
107:2: 4 4 4 4 4 4
107:3: 4 4 4 4 4 4
107:4: 4 4 4 4 4 4
107:5: 4 4 4 4 4 4
107:6: 4 4 4 4 4 4
107:7: 4 4 4 4 4 4
107:8: 4 4 4 4 4 4
107:9: 4 4 4 4 4 4
107:10: 4 4 4 4 4 4
107:11: 4 4 4 4 4 4
107:12: 4 4 4 4 4 4
107:13: 4 4 4 4 4 4
107:14: 4 4 4 4 4 4
107:15: 4 4 4 4 4 4
108:0: 7 7 7 7 7 7
108:1: 7 7 7 7 7 7
108:2: 7 7 7 7 7 7
108:3: 7 7 7 7 7 7
108:4: 7 7 7 7 7 7
108:5: 7 7 7 7 7 7
108:6: 7 7 7 7 7 7
108:7: 7 7 7 7 7 7
108:8: 7 7 7 7 7 7
108:9: 7 7 7 7 7 7
108:10: 7 7 7 7 7 7
108:11: 7 7 7 7 7 7
108:12: 7 7 7 7 7 7
108:13: 7 7 7 7 7 7
108:14: 7 7 7 7 7 7
108:15: 7 7 7 7 7 7
109:0: 54 54 54 54 54 54
109:1: 54 54 54 54 54 54
109:2: 54 54 54 54 54 54
109:3: 54 54 54 54 54 54
109:4: 54 54 54 54 54 54
109:5: 54 54 54 54 54 54
109:6: 54 54 54 54 54 54
109:7: 54 54 54 54 54 54
109:8: 54 54 54 54 54 54
109:9: 54 54 54 54 54 54
109:10: 54 54 54 54 54 54
109:11: 54 54 54 54 54 54
109:12: 54 54 54 54 54 54
109:13: 54 54 54 54 54 54
109:14: 54 54 54 54 54 54
109:15: 54 54 54 54 54 54
112:0: 224 224 224 224 224 224
112:1: 224 224 224 224 224 224
112:2: 224 224 224 224 224 224
112:3: 224 224 224 224 224 224
112:4: 224 224 224 224 224 224
112:5: 224 224 224 224 224 224
112:6: 224 224 224 224 224 224
112:7: 224 224 224 224 224 224
112:8: 224 224 224 224 224 224
112:9: 224 224 224 224 224 224
112:10: 224 224 224 224 224 224
112:11: 224 224 224 224 224 224
112:12: 224 224 224 224 224 224
112:13: 224 224 224 224 224 224
112:14: 224 224 224 224 224 224
112:15: 224 224 224 224 224 224
114:0: 224 224 224 224 224 224
114:1: 224 224 224 224 224 224
114:2: 224 224 224 224 224 224
114:3: 224 224 224 224 224 224
114:4: 224 224 224 224 224 224
114:5: 224 224 224 224 224 224
114:6: 224 224 224 224 224 224
114:7: 224 224 224 224 224 224
114:8: 224 224 224 224 224 224
114:9: 224 224 224 224 224 224
114:10: 224 224 224 224 224 224
114:11: 224 224 224 224 224 224
114:12: 224 224 224 224 224 224
114:13: 224 224 224 224 224 224
114:14: 224 224 224 224 224 224
114:15: 224 224 224 224 224 224
128:0: 208 176 192 192 192 192
128:1: 208 176 192 192 192 192
128:2: 208 176 192 192 192 192
128:3: 208 176 192 192 192 192
128:4: 208 176 192 192 192 192
128:5: 208 176 192 192 192 192
128:6: 208 176 192 192 192 192
128:7: 208 176 192 192 192 192
128:8: 208 176 192 192 192 192
128:9: 208 176 192 192 192 192
128:10: 208 176 192 192 192 192
128:11: 208 176 192 192 192 192
128:12: 208 176 192 192 192 192
128:13: 208 176 192 192 192 192
128:14: 208 176 192 192 192 192
128:15: 208 176 192 192 192 192
155:0: 211 196 212 212 212 212
155:1: 198 198 214 214 214 214
155:2: 197 197 213 213 213 213
155:3: 211 196 212 212 212 212
155:4: 211 196 212 212 212 212
155:5: 211 196 212 212 212 212
155:6: 211 196 212 212 212 212
155:7: 211 196 212 212 212 212
155:8: 211 196 212 212 212 212
155:9: 211 196 212 212 212 212
155:10: 211 196 212 212 212 212
155:11: 211 196 212 212 212 212
155:12: 211 196 212 212 212 212
155:13: 211 196 212 212 212 212
155:14: 211 196 212 212 212 212
155:15: 211 196 212 212 212 212
156:0: 211 196 212 212 212 212
156:1: 211 196 212 212 212 212
156:2: 211 196 212 212 212 212
156:3: 211 196 212 212 212 212
156:4: 211 196 212 212 212 212
156:5: 211 196 212 212 212 212
156:6: 211 196 212 212 212 212
156:7: 211 196 212 212 212 212
156:8: 211 196 212 212 212 212
156:9: 211 196 212 212 212 212
156:10: 211 196 212 212 212 212
156:11: 211 196 212 212 212 212
156:12: 211 196 212 212 212 212
156:13: 211 196 212 212 212 212
156:14: 211 196 212 212 212 212
156:15: 211 196 212 212 212 212
245:0: 62 169 168 168 45 45
245:1: 62 169 168 168 45 45
245:2: 62 169 168 168 45 45
245:3: 62 169 168 168 45 45
245:4: 62 169 168 168 45 45
245:5: 62 169 168 168 45 45
245:6: 62 169 168 168 45 45
245:7: 62 169 168 168 45 45
245:8: 62 169 168 168 45 45
245:9: 62 169 168 168 45 45
245:10: 62 169 168 168 45 45
245:11: 62 169 168 168 45 45
245:12: 62 169 168 168 45 45
245:13: 62 169 168 168 45 45
245:14: 62 169 168 168 45 45
245:15: 62 169 168 168 45 45
246:0: 218 218 218 218 218 218
246:1: 218 218 218 218 218 218
246:2: 218 218 218 218 218 218
246:3: 218 218 218 218 218 218
246:4: 218 218 218 218 218 218
246:5: 218 218 218 218 218 218
246:6: 218 218 218 218 218 218
246:7: 218 218 218 218 218 218
246:8: 218 218 218 218 218 218
246:9: 218 218 218 218 218 218
246:10: 218 218 218 218 218 218
246:11: 218 218 218 218 218 218
246:12: 218 218 218 218 218 218
246:13: 218 218 218 218 218 218
246:14: 218 218 218 218 218 218
246:15: 218 218 218 218 218 218
247:0: 234 234 234 234 234 234
247:1: 233 233 233 233 233 233
247:2: 232 232 232 232 232 232
247:3: 234 234 234 234 234 234
247:4: 234 234 234 234 234 234
247:5: 234 234 234 234 234 234
247:6: 234 234 234 234 234 234
247:7: 234 234 234 234 234 234
247:8: 234 234 234 234 234 234
247:9: 234 234 234 234 234 234
247:10: 234 234 234 234 234 234
247:11: 234 234 234 234 234 234
247:12: 234 234 234 234 234 234
247:13: 234 234 234 234 234 234
247:14: 234 234 234 234 234 234
247:15: 234 234 234 234 234 234
248:0: 252 252 252 252 252 252
248:1: 252 252 252 252 252 252
248:2: 252 252 252 252 252 252
248:3: 252 252 252 252 252 252
248:4: 252 252 252 252 252 252
248:5: 252 252 252 252 252 252
248:6: 252 252 252 252 252 252
248:7: 252 252 252 252 252 252
248:8: 252 252 252 252 252 252
248:9: 252 252 252 252 252 252
248:10: 252 252 252 252 252 252
248:11: 252 252 252 252 252 252
248:12: 252 252 252 252 252 252
248:13: 252 252 252 252 252 252
248:14: 252 252 252 252 252 252
248:15: 252 252 252 252 252 252
249:0: 253 253 253 253 253 253
249:1: 253 253 253 253 253 253
249:2: 253 253 253 253 253 253
249:3: 253 253 253 253 253 253
249:4: 253 253 253 253 253 253
249:5: 253 253 253 253 253 253
249:6: 253 253 253 253 253 253
249:7: 253 253 253 253 253 253
249:8: 253 253 253 253 253 253
249:9: 253 253 253 253 253 253
249:10: 253 253 253 253 253 253
249:11: 253 253 253 253 253 253
249:12: 253 253 253 253 253 253
249:13: 253 253 253 253 253 253
249:14: 253 253 253 253 253 253
249:15: 253 253 253 253 253 253
253:0: 3 204 3 3 3 3
253:1: 3 204 3 3 3 3
253:2: 3 204 3 3 3 3
253:3: 3 204 3 3 3 3
253:4: 3 204 3 3 3 3
253:5: 3 204 3 3 3 3
253:6: 3 204 3 3 3 3
253:7: 3 204 3 3 3 3
253:8: 3 204 3 3 3 3
253:9: 3 204 3 3 3 3
253:10: 3 204 3 3 3 3
253:11: 3 204 3 3 3 3
253:12: 3 204 3 3 3 3
253:13: 3 204 3 3 3 3
253:14: 3 204 3 3 3 3
253:15: 3 204 3 3 3 3
254:0: 235 235 235 235 235 235
254:1: 219 219 219 219 219 219
254:2: 235 235 235 235 235 235
254:3: 235 235 235 235 235 235
254:4: 235 235 235 235 235 235
254:5: 219 219 219 219 219 219
254:6: 235 235 235 235 235 235
254:7: 235 235 235 235 235 235
254:8: 235 235 235 235 235 235
254:9: 219 219 219 219 219 219
254:10: 235 235 235 235 235 235
254:11: 235 235 235 235 235 235
254:12: 235 235 235 235 235 235
254:13: 219 219 219 219 219 219
254:14: 235 235 235 235 235 235
254:15: 235 235 235 235 235 235
255:0: 1 1 1 1 1 1
255:1: 1 1 1 1 1 1
255:2: 1 1 1 1 1 1
255:3: 1 1 1 1 1 1
255:4: 1 1 1 1 1 1
255:5: 1 1 1 1 1 1
255:6: 1 1 1 1 1 1
255:7: 1 1 1 1 1 1
255:8: 1 1 1 1 1 1
255:9: 1 1 1 1 1 1
255:10: 1 1 1 1 1 1
255:11: 1 1 1 1 1 1
255:12: 1 1 1 1 1 1
255:13: 1 1 1 1 1 1
255:14: 1 1 1 1 1 1
255:15: 1 1 1 1 1 1
